function a = getA
a = [-0.68, -0.18, 0.02, 0.21; 
    0.16, -0.88, -0.14, 0.27;
    0.37, 0.27, -1.02, -0.24;
    0.12, 0.21, -0.18, -0.75];
end