function a = geta()
a = [-0.68, -0.18, 0.02, 0.21, -1.83; 
    0.16, -0.88, -0.14, 0.27, 0.65; 
    0.37, 0.27, -1.02, -0.24, -2.23; 
    0.12, 0.21, -0.18, -0.75, 1.13];
end